*56 555 290 964 935 412 488 398 219 54 954 229 659 308 821 477 532 900 739 713 844 10 719 253 895 832 499 540 917 610 518 673 516 160 636 451 571 476 200 141 529 505 369 539 813 541 367 344 440 106 
*08 635 467 478 887 361 309 385 900 226 347 769 250 862 928 237 664 850 712 216 991 592 720 711 130 884 252 497 579 43 602 338 678 68 816 564 780 476 301 31 53 647 799 302 860 79 539 524 928 602 
*1 270 194 810 981 323 46 584 171 624 626 772 314 655 191 129 219 322 604 871 352 9 517 503 310 728 933 200 251 212 802 341 482 995 503 814 669 900 397 840 523 374 963 836 29 506 316 599 827 272 
*69 531 280 337 385 941 64 317 141 667 528 942 359 361 288 213 174 308 112 922 147 987 296 110 174 324 967 842 922 793 113 742 323 744 78 707 684 493 375 176 159 255 469 518 615 756 82 141 64 194 
*2 562 180 357 23 705 32 989 546 305 782 658 398 456 753 475 515 789 968 241 964 478 495 433 347 462 540 429 954 955 974 15 517 153 724 891 209 107 880 755 764 13 764 161 820 517 636 334 305 955 
*75 268 432 421 52 131 234 944 559 187 898 532 202 766 36 277 657 244 383 888 350 146 900 114 659 719 630 646 405 286 600 331 905 383 751 957 513 337 900 423 523 149 306 76 915 341 352 923 937 87 
*10 286 584 709 399 242 779 380 887 183 665 838 513 570 221 616 878 85 952 129 508 474 277 813 550 543 506 253 465 794 691 626 79 275 686 830 516 465 561 755 647 578 592 512 499 164 127 376 249 430 
*56 108 903 484 272 804 27 777 409 843 922 99 469 353 373 154 534 241 970 94 347 969 671 938 480 169 102 958 896 702 387 751 809 641 235 432 797 613 561 557 455 482 655 275 834 380 781 367 972 750 
*61 318 718 483 255 197 652 708 506 899 409 244 650 569 237 236 1 33 848 561 941 654 394 595 929 228 326 61 946 297 810 758 614 528 241 869 76 244 928 582 142 689 177 143 257 413 378 609 797 577 
*21 737 231 267 684 511 494 9 571 791 306 732 549 919 259 141 139 335 384 67 268 877 755 444 20 363 209 749 324 5 678 196 742 260 462 425 122 307 433 44 98 90 775 646 9 34 786 147 720 521 
*534 501 810 41 362 562 657 401 691 134 63 699 508 43 13 289 597 739 35 147 356 299 922 44 172 425 842 833 822 789 325 355 289 486 396 2 47 404 754 737 889 816 787 748 859 799 36 455 537 70 
*53 244 721 226 639 244 3 480 428 824 268 752 178 908 237 925 910 284 680 15 372 568 831 159 315 41 957 702 847 846 124 799 441 196 377 80 439 379 911 867 202 179 970 731 438 559 656 699 194 335 
*14 565 255 544 75 569 936 384 623 782 581 746 932 373 941 308 804 379 38 715 597 239 245 919 970 34 477 977 733 670 663 446 586 917 341 13 838 276 396 460 409 328 205 340 52 497 1000 856 227 37 
*22 824 276 166 94 597 199 922 925 283 591 587 80 528 856 420 540 693 47 287 152 455 966 708 147 18 204 146 873 430 182 794 605 809 311 50 757 861 971 681 144 913 268 223 441 123 995 332 167 393 
*71 670 200 936 729 346 953 932 491 825 713 24 970 670 833 632 71 589 493 42 622 636 954 889 210 746 363 204 430 529 597 400 550 796 335 278 141 288 561 983 464 273 6 786 294 190 417 717 131 909 
*58 752 896 63 992 106 161 354 309 590 234 257 989 783 52 675 60 544 962 620 526 778 244 884 563 890 425 331 606 907 592 715 658 487 129 1 944 641 706 605 582 939 861 570 73 265 597 484 808 558 
*55 686 687 51 921 601 292 697 932 249 604 523 315 613 361 795 614 657 436 319 261 17 610 473 939 34 737 535 870 897 444 324 934 131 726 854 731 17 550 14 265 505 536 931 118 249 726 83 905 161 
*01 517 529 362 341 467 748 78 353 617 326 797 940 259 279 18 464 361 34 365 375 651 870 262 581 987 510 306 69 766 818 821 282 347 535 623 165 282 52 518 898 729 666 189 339 296 206 802 656 592 
*66 382 242 35 644 174 373 505 480 793 271 649 614 904 995 148 878 512 781 281 29 678 361 46 218 699 341 424 500 348 367 18 730 608 404 725 781 777 229 612 569 851 261 534 107 607 33 984 118 813 
*17 498 842 977 895 60 676 235 835 527 935 201 896 16 160 300 92 940 428 320 904 348 523 516 882 629 122 266 964 592 79 580 89 920 909 336 331 584 922 165 462 856 717 358 223 876 9 314 168 788 
*